0,0,1120.0
0,1,1148.0
0,2,1176.0
0,3,1204.0
0,4,1232.0
0,5,1260.0
0,6,1288.0
0,7,1316.0
1,0,2912.0
1,1,3004.0
1,2,3096.0
1,3,3188.0
1,4,3280.0
1,5,3372.0
1,6,3464.0
1,7,3556.0
2,0,4704.0
2,1,4860.0
2,2,5016.0
2,3,5172.0
2,4,5328.0
2,5,5484.0
2,6,5640.0
2,7,5796.0
3,0,6496.0
3,1,6716.0
3,2,6936.0
3,3,7156.0
3,4,7376.0
3,5,7596.0
3,6,7816.0
3,7,8036.0
4,0,8288.0
4,1,8572.0
4,2,8856.0
4,3,9140.0
4,4,9424.0
4,5,9708.0
4,6,9992.0
4,7,10276.0
5,0,10080.0
5,1,10428.0
5,2,10776.0
5,3,11124.0
5,4,11472.0
5,5,11820.0
5,6,12168.0
5,7,12516.0
6,0,11872.0
6,1,12284.0
6,2,12696.0
6,3,13108.0
6,4,13520.0
6,5,13932.0
6,6,14344.0
6,7,14756.0
7,0,13664.0
7,1,14140.0
7,2,14616.0
7,3,15092.0
7,4,15568.0
7,5,16044.0
7,6,16520.0
7,7,16996.0
